======================================================================
MODULE 5: MODEL TRAINING & SELECTION REPORT
======================================================================

======================================================================
RANDOM FOREST
======================================================================

Training Time: 25.44 seconds

Training Metrics:
  Accuracy:  0.9993
  Precision: 0.9993
  Recall:    0.9993
  F1-Score:  0.9993

Testing Metrics:
  Accuracy:  0.7266
  Precision: 0.7286
  Recall:    0.7265
  F1-Score:  0.7254

Classification Report (Test Set):
              precision    recall  f1-score   support

           0       0.78      0.85      0.82        62
           1       0.90      0.81      0.85        57
           2       0.69      0.86      0.76        56
           3       0.76      0.90      0.83        58
           4       0.73      0.65      0.69        57
           5       0.88      0.79      0.83        63
           6       0.82      0.75      0.78        60
           7       0.81      0.80      0.81        65
           8       0.66      0.78      0.72        60
           9       0.63      0.77      0.69        64
          10       0.71      0.80      0.75        61
          11       0.78      0.90      0.84        60
          12       0.93      0.87      0.90        62
          13       0.67      0.75      0.71        55
          14       0.85      0.90      0.88        63
          15       0.91      0.87      0.89        61
          16       0.80      0.74      0.77        58
          17       0.81      0.75      0.78        57
          18       0.66      0.80      0.72        59
          19       0.77      0.87      0.82        63
          20       0.77      0.86      0.82        59
          21       0.78      0.74      0.76        62
          22       0.80      0.86      0.83        57
          23       0.72      0.74      0.73        58
          24       0.80      0.92      0.85        60
          25       0.79      0.90      0.84        60
          26       0.86      0.90      0.88        60
          27       0.82      0.70      0.76        60
          28       0.90      0.92      0.91        60
          29       0.86      0.92      0.89        59
          30       0.77      0.91      0.83        55
          31       0.83      0.73      0.78        60
          32       0.74      0.84      0.78        61
          33       0.58      0.68      0.62        59
          34       0.77      0.66      0.71        65
          35       0.65      0.71      0.68        58
          36       0.83      0.79      0.81        63
          37       0.68      0.64      0.66        56
          38       0.76      0.70      0.73        60
          39       0.82      0.76      0.79        54
          40       0.71      0.76      0.73        63
          41       0.78      0.75      0.77        61
          42       0.71      0.80      0.75        59
          43       0.81      0.92      0.87        66
          44       0.71      0.77      0.74        62
          45       0.57      0.67      0.62        54
          46       0.77      0.80      0.78        64
          47       0.64      0.73      0.68        59
          48       0.78      0.85      0.81        59
          49       0.82      0.82      0.82        55
          50       0.77      0.79      0.78        63
          51       0.76      0.84      0.80        62
          52       0.79      0.79      0.79        62
          53       0.72      0.65      0.68        63
          54       0.78      0.75      0.77        61
          55       0.79      0.73      0.76        66
          56       0.77      0.61      0.68        61
          57       0.59      0.68      0.64        60
          58       0.71      0.62      0.66        58
          59       0.65      0.56      0.60        63
          60       0.82      0.80      0.81        64
          61       0.69      0.68      0.69        63
          62       0.65      0.70      0.68        61
          63       0.60      0.61      0.61        59
          64       0.62      0.65      0.63        62
          65       0.70      0.62      0.66        63
          66       0.74      0.83      0.78        58
          67       0.85      0.87      0.86        60
          68       0.72      0.77      0.74        60
          69       0.77      0.74      0.75        58
          70       0.83      0.73      0.78        60
          71       0.70      0.78      0.74        58
          72       0.77      0.71      0.74        56
          73       0.67      0.71      0.69        59
          74       0.74      0.85      0.79        65
          75       0.70      0.80      0.75        59
          76       0.73      0.52      0.61        63
          77       0.66      0.84      0.74        61
          78       0.82      0.78      0.80        59
          79       0.78      0.74      0.76        61
          80       0.76      0.74      0.75        61
          81       0.59      0.66      0.63        62
          82       0.89      0.80      0.84        64
          83       0.66      0.85      0.74        60
          84       0.75      0.70      0.73        61
          85       0.76      0.70      0.73        63
          86       0.84      0.86      0.85        65
          87       0.72      0.71      0.72        66
          88       0.83      0.70      0.76        64
          89       0.69      0.81      0.75        64
          90       0.80      0.75      0.78        60
          91       0.81      0.86      0.83        63
          92       0.92      0.95      0.94        61
          93       0.69      0.71      0.70        58
          94       0.71      0.82      0.76        57
          95       0.70      0.63      0.66        59
          96       0.83      0.86      0.85        58
          97       0.69      0.73      0.71        59
          98       0.80      0.84      0.82        61
          99       0.79      0.92      0.85        64
         100       0.69      0.64      0.67        59
         101       0.70      0.70      0.70        60
         102       0.84      0.80      0.82        59
         103       0.77      0.75      0.76        59
         104       0.63      0.72      0.67        53
         105       0.73      0.61      0.67        59
         106       0.75      0.65      0.69        65
         107       0.58      0.66      0.62        58
         108       0.75      0.70      0.73        61
         109       0.70      0.66      0.68        59
         110       0.74      0.79      0.77        62
         111       0.72      0.66      0.69        64
         112       0.80      0.70      0.75        57
         113       0.70      0.79      0.74        62
         114       0.72      0.70      0.71        60
         115       0.71      0.84      0.77        63
         116       0.75      0.81      0.78        62
         117       0.68      0.72      0.70        58
         118       0.79      0.82      0.80        60
         119       0.79      0.78      0.79        59
         120       0.77      0.86      0.81        63
         121       0.73      0.80      0.76        60
         122       0.83      0.79      0.81        63
         123       0.78      0.77      0.77        60
         124       0.71      0.76      0.73        58
         125       0.87      0.73      0.79        63
         126       0.83      0.79      0.81        56
         127       0.67      0.61      0.64        54
         128       0.68      0.66      0.67        58
         129       0.54      0.61      0.57        51
         130       0.75      0.72      0.73        61
         131       0.66      0.75      0.70        59
         132       0.70      0.70      0.70        56
         133       0.77      0.74      0.75        62
         134       0.76      0.79      0.78        66
         135       0.74      0.74      0.74        62
         136       0.71      0.54      0.61        63
         137       0.63      0.70      0.66        60
         138       0.55      0.46      0.50        56
         139       0.84      0.84      0.84        57
         140       0.81      0.88      0.84        66
         141       0.73      0.65      0.69        63
         142       0.77      0.70      0.74        61
         143       0.67      0.61      0.64        59
         144       0.79      0.71      0.75        58
         145       0.62      0.56      0.59        61
         146       0.74      0.80      0.77        64
         147       0.64      0.76      0.70        62
         148       0.64      0.66      0.65        62
         149       0.74      0.68      0.71        59
         150       0.82      0.83      0.83        60
         151       0.77      0.68      0.72        63
         152       0.68      0.63      0.66        60
         153       0.52      0.53      0.52        59
         154       0.64      0.64      0.64        61
         155       0.57      0.56      0.56        59
         156       0.65      0.58      0.62        62
         157       0.61      0.52      0.56        60
         158       0.78      0.72      0.75        60
         159       0.53      0.59      0.56        61
         160       0.64      0.67      0.65        63
         161       0.59      0.48      0.53        60
         162       0.66      0.62      0.64        60
         163       0.79      0.82      0.81        56
         164       0.79      0.88      0.83        65
         165       0.80      0.73      0.77        60
         166       0.70      0.73      0.72        60
         167       0.61      0.59      0.60        63
         168       0.83      0.75      0.79        65
         169       0.74      0.68      0.71        63
         170       0.84      0.86      0.85        63
         171       0.73      0.79      0.76        62
         172       0.82      0.78      0.80        65
         173       0.66      0.64      0.65        64
         174       0.76      0.75      0.75        63
         175       0.86      0.85      0.85        65
         176       0.85      0.74      0.79        62
         177       0.73      0.75      0.74        63
         178       0.81      0.72      0.76        60
         179       0.81      0.72      0.76        58
         180       0.74      0.81      0.78        64
         181       0.75      0.80      0.78        65
         182       0.85      0.76      0.80        59
         183       0.78      0.81      0.79        62
         184       0.64      0.73      0.68        60
         185       0.69      0.72      0.70        61
         186       0.76      0.68      0.72        60
         187       0.75      0.68      0.71        62
         188       0.82      0.76      0.79        66
         189       0.58      0.68      0.63        63
         190       0.71      0.70      0.71        60
         191       0.67      0.73      0.70        63
         192       0.77      0.70      0.73        67
         193       0.58      0.65      0.61        65
         194       0.65      0.62      0.63        63
         195       0.71      0.72      0.71        64
         196       0.60      0.51      0.55        57
         197       0.63      0.71      0.67        59
         198       0.83      0.62      0.71        63
         199       0.78      0.66      0.71        64
         200       0.78      0.69      0.74        62
         201       0.69      0.69      0.69        55
         202       0.69      0.66      0.67        64
         203       0.60      0.62      0.61        64
         204       0.70      0.58      0.63        67
         205       0.61      0.68      0.65        60
         206       0.66      0.55      0.60        64
         207       0.72      0.65      0.69        55
         208       0.56      0.57      0.56        60
         209       0.58      0.73      0.65        64
         210       0.61      0.56      0.58        61
         211       0.87      0.63      0.73        65
         212       0.83      0.80      0.82        66
         213       0.62      0.70      0.66        56
         214       0.74      0.64      0.69        58
         215       0.74      0.68      0.71        59
         216       0.72      0.84      0.77        61
         217       0.79      0.74      0.77        66
         218       0.84      0.78      0.81        63
         219       0.69      0.66      0.67        64
         220       0.61      0.65      0.63        63
         221       0.56      0.53      0.54        64
         222       0.76      0.76      0.76        58
         223       0.82      0.75      0.78        60
         224       0.62      0.65      0.64        63
         225       0.72      0.54      0.62        63
         226       0.61      0.69      0.65        64
         227       0.54      0.53      0.54        58
         228       0.75      0.70      0.73        64
         229       0.50      0.44      0.47        62
         230       0.69      0.70      0.69        63
         231       0.63      0.69      0.66        62
         232       0.57      0.66      0.61        61
         233       0.61      0.55      0.58        65
         234       0.73      0.49      0.59        65
         235       0.75      0.68      0.72        57
         236       0.70      0.73      0.72        59
         237       0.63      0.55      0.59        58
         238       0.74      0.79      0.77        62
         239       0.74      0.72      0.73        58
         240       0.83      0.83      0.83        63
         241       0.70      0.75      0.73        57
         242       0.71      0.72      0.72        61
         243       0.64      0.63      0.63        62
         244       0.68      0.76      0.72        63
         245       0.69      0.74      0.72        58
         246       0.73      0.73      0.73        52

    accuracy                           0.73     15020
   macro avg       0.73      0.73      0.73     15020
weighted avg       0.73      0.73      0.73     15020


======================================================================
SVM
======================================================================

Training Time: 84.60 seconds

Training Metrics:
  Accuracy:  0.1806
  Precision: 0.2320
  Recall:    0.1817
  F1-Score:  0.1510

Testing Metrics:
  Accuracy:  0.1313
  Precision: 0.1243
  Recall:    0.1325
  F1-Score:  0.1027

Classification Report (Test Set):
              precision    recall  f1-score   support

           0       0.37      0.35      0.36        62
           1       0.19      0.25      0.22        57
           2       0.13      0.34      0.19        56
           3       0.17      0.36      0.23        58
           4       0.17      0.30      0.22        57
           5       0.21      0.38      0.27        63
           6       0.12      0.43      0.19        60
           7       0.17      0.45      0.24        65
           8       0.11      0.37      0.17        60
           9       0.19      0.61      0.29        64
          10       0.17      0.38      0.23        61
          11       0.21      0.42      0.28        60
          12       1.00      0.71      0.83        62
          13       0.15      0.69      0.25        55
          14       0.28      0.52      0.37        63
          15       0.20      0.44      0.28        61
          16       0.20      0.47      0.28        58
          17       0.21      0.49      0.29        57
          18       0.14      0.49      0.22        59
          19       0.19      0.41      0.26        63
          20       0.17      0.42      0.25        59
          21       0.20      0.37      0.26        62
          22       0.24      0.58      0.34        57
          23       0.18      0.48      0.27        58
          24       0.24      0.47      0.31        60
          25       0.20      0.57      0.29        60
          26       0.23      0.53      0.32        60
          27       0.22      0.33      0.26        60
          28       0.20      0.25      0.22        60
          29       0.37      0.39      0.38        59
          30       0.19      0.36      0.25        55
          31       0.22      0.17      0.19        60
          32       0.12      0.25      0.16        61
          33       0.06      0.15      0.09        59
          34       0.18      0.08      0.11        65
          35       0.10      0.09      0.09        58
          36       0.24      0.06      0.10        63
          37       0.10      0.04      0.05        56
          38       0.03      0.03      0.03        60
          39       0.09      0.09      0.09        54
          40       0.21      0.21      0.21        63
          41       0.08      0.02      0.03        61
          42       0.17      0.08      0.11        59
          43       0.15      0.14      0.14        66
          44       0.13      0.27      0.17        62
          45       0.10      0.20      0.13        54
          46       0.08      0.22      0.12        64
          47       0.16      0.41      0.23        59
          48       0.11      0.20      0.14        59
          49       0.16      0.22      0.18        55
          50       0.11      0.17      0.14        63
          51       0.17      0.19      0.18        62
          52       0.15      0.26      0.19        62
          53       0.07      0.22      0.11        63
          54       0.20      0.31      0.24        61
          55       0.09      0.11      0.10        66
          56       0.00      0.00      0.00        61
          57       0.11      0.13      0.12        60
          58       0.00      0.00      0.00        58
          59       0.15      0.10      0.12        63
          60       0.00      0.00      0.00        64
          61       0.00      0.00      0.00        63
          62       0.00      0.00      0.00        61
          63       0.10      0.12      0.11        59
          64       0.07      0.06      0.07        62
          65       0.12      0.08      0.10        63
          66       0.00      0.00      0.00        58
          67       0.36      0.07      0.11        60
          68       0.00      0.00      0.00        60
          69       0.23      0.14      0.17        58
          70       0.00      0.00      0.00        60
          71       0.13      0.22      0.16        58
          72       0.06      0.04      0.05        56
          73       0.12      0.02      0.03        59
          74       0.17      0.02      0.03        65
          75       0.00      0.00      0.00        59
          76       0.14      0.11      0.12        63
          77       0.10      0.15      0.12        61
          78       0.15      0.05      0.08        59
          79       0.07      0.03      0.04        61
          80       0.00      0.00      0.00        61
          81       0.08      0.15      0.10        62
          82       0.10      0.05      0.06        64
          83       0.08      0.03      0.05        60
          84       0.12      0.02      0.03        61
          85       0.10      0.05      0.06        63
          86       0.12      0.02      0.03        65
          87       0.04      0.03      0.04        66
          88       0.09      0.05      0.06        64
          89       0.19      0.11      0.14        64
          90       0.10      0.02      0.03        60
          91       0.14      0.08      0.10        63
          92       0.07      0.11      0.09        61
          93       0.06      0.07      0.06        58
          94       0.05      0.11      0.06        57
          95       0.15      0.17      0.16        59
          96       0.11      0.26      0.16        58
          97       0.11      0.07      0.08        59
          98       0.13      0.43      0.19        61
          99       0.12      0.25      0.16        64
         100       0.11      0.20      0.14        59
         101       0.08      0.03      0.05        60
         102       0.12      0.12      0.12        59
         103       0.02      0.02      0.02        59
         104       0.08      0.02      0.03        53
         105       0.13      0.15      0.14        59
         106       0.00      0.00      0.00        65
         107       0.07      0.10      0.08        58
         108       0.00      0.00      0.00        61
         109       0.11      0.12      0.12        59
         110       0.00      0.00      0.00        62
         111       0.09      0.17      0.12        64
         112       0.05      0.04      0.04        57
         113       0.09      0.03      0.05        62
         114       0.00      0.00      0.00        60
         115       0.08      0.30      0.12        63
         116       0.10      0.11      0.11        62
         117       0.12      0.24      0.16        58
         118       0.10      0.22      0.14        60
         119       0.09      0.14      0.11        59
         120       0.06      0.02      0.03        63
         121       0.09      0.13      0.11        60
         122       0.33      0.02      0.03        63
         123       0.10      0.17      0.12        60
         124       0.08      0.14      0.10        58
         125       0.11      0.19      0.14        63
         126       0.10      0.14      0.12        56
         127       0.14      0.06      0.08        54
         128       0.06      0.09      0.07        58
         129       0.06      0.08      0.07        51
         130       0.00      0.00      0.00        61
         131       0.06      0.02      0.03        59
         132       0.09      0.07      0.08        56
         133       0.11      0.08      0.09        62
         134       0.11      0.14      0.12        66
         135       0.13      0.27      0.18        62
         136       0.13      0.13      0.13        63
         137       0.07      0.03      0.04        60
         138       0.29      0.11      0.16        56
         139       0.13      0.07      0.09        57
         140       0.00      0.00      0.00        66
         141       0.07      0.03      0.04        63
         142       0.18      0.03      0.06        61
         143       0.18      0.05      0.08        59
         144       0.00      0.00      0.00        58
         145       0.00      0.00      0.00        61
         146       0.00      0.00      0.00        64
         147       0.11      0.29      0.16        62
         148       0.12      0.16      0.14        62
         149       0.07      0.05      0.06        59
         150       0.04      0.02      0.02        60
         151       0.12      0.02      0.03        63
         152       0.00      0.00      0.00        60
         153       0.13      0.15      0.14        59
         154       0.00      0.00      0.00        61
         155       0.13      0.10      0.12        59
         156       0.00      0.00      0.00        62
         157       0.00      0.00      0.00        60
         158       0.00      0.00      0.00        60
         159       0.09      0.10      0.09        61
         160       0.13      0.25      0.18        63
         161       0.23      0.05      0.08        60
         162       0.05      0.05      0.05        60
         163       0.11      0.09      0.10        56
         164       0.00      0.00      0.00        65
         165       0.05      0.05      0.05        60
         166       0.20      0.02      0.03        60
         167       0.08      0.02      0.03        63
         168       0.20      0.02      0.03        65
         169       0.00      0.00      0.00        63
         170       0.15      0.08      0.10        63
         171       0.12      0.11      0.11        62
         172       0.11      0.32      0.17        65
         173       0.21      0.06      0.10        64
         174       0.18      0.05      0.07        63
         175       0.17      0.06      0.09        65
         176       0.12      0.02      0.03        62
         177       0.13      0.13      0.13        63
         178       0.33      0.07      0.11        60
         179       0.21      0.12      0.15        58
         180       0.07      0.02      0.03        64
         181       0.20      0.02      0.03        65
         182       0.04      0.02      0.02        59
         183       0.05      0.03      0.04        62
         184       0.09      0.18      0.12        60
         185       0.00      0.00      0.00        61
         186       0.00      0.00      0.00        60
         187       0.21      0.26      0.23        62
         188       0.00      0.00      0.00        66
         189       0.07      0.05      0.06        63
         190       0.00      0.00      0.00        60
         191       0.10      0.14      0.12        63
         192       0.03      0.01      0.02        67
         193       0.03      0.02      0.02        65
         194       1.00      0.02      0.03        63
         195       0.08      0.08      0.08        64
         196       0.09      0.32      0.14        57
         197       0.18      0.03      0.06        59
         198       0.00      0.00      0.00        63
         199       0.08      0.08      0.08        64
         200       0.50      0.05      0.09        62
         201       0.12      0.05      0.08        55
         202       0.00      0.00      0.00        64
         203       0.11      0.05      0.07        64
         204       0.00      0.00      0.00        67
         205       0.50      0.02      0.03        60
         206       0.00      0.00      0.00        64
         207       0.00      0.00      0.00        55
         208       0.12      0.20      0.15        60
         209       0.09      0.16      0.11        64
         210       0.23      0.05      0.08        61
         211       0.13      0.11      0.12        65
         212       0.00      0.00      0.00        66
         213       0.10      0.20      0.13        56
         214       0.00      0.00      0.00        58
         215       0.21      0.14      0.16        59
         216       0.00      0.00      0.00        61
         217       0.00      0.00      0.00        66
         218       1.00      0.03      0.06        63
         219       0.11      0.36      0.17        64
         220       0.10      0.06      0.08        63
         221       0.08      0.02      0.03        64
         222       0.00      0.00      0.00        58
         223       0.19      0.20      0.20        60
         224       0.05      0.02      0.02        63
         225       0.05      0.02      0.02        63
         226       0.00      0.00      0.00        64
         227       0.09      0.17      0.12        58
         228       0.00      0.00      0.00        64
         229       1.00      0.02      0.03        62
         230       0.00      0.00      0.00        63
         231       0.08      0.11      0.09        62
         232       0.08      0.21      0.11        61
         233       0.29      0.03      0.06        65
         234       0.00      0.00      0.00        65
         235       0.05      0.05      0.05        57
         236       0.00      0.00      0.00        59
         237       0.09      0.19      0.12        58
         238       0.00      0.00      0.00        62
         239       0.17      0.43      0.24        58
         240       0.09      0.19      0.12        63
         241       0.24      0.09      0.13        57
         242       0.12      0.10      0.11        61
         243       0.08      0.10      0.09        62
         244       0.11      0.16      0.13        63
         245       0.07      0.10      0.08        58
         246       0.11      0.10      0.10        52

    accuracy                           0.13     15020
   macro avg       0.12      0.13      0.10     15020
weighted avg       0.12      0.13      0.10     15020


======================================================================
GRADIENT BOOSTING
======================================================================

Training Time: 24253.02 seconds

Training Metrics:
  Accuracy:  0.6605
  Precision: 0.6706
  Recall:    0.6607
  F1-Score:  0.6539

Testing Metrics:
  Accuracy:  0.1714
  Precision: 0.1717
  Recall:    0.1717
  F1-Score:  0.1673

Classification Report (Test Set):
              precision    recall  f1-score   support

           0       0.12      0.11      0.12        62
           1       0.17      0.07      0.10        57
           2       0.16      0.07      0.10        56
           3       0.24      0.21      0.22        58
           4       0.12      0.09      0.10        57
           5       0.27      0.10      0.14        63
           6       0.10      0.12      0.11        60
           7       0.30      0.22      0.25        65
           8       0.20      0.13      0.16        60
           9       0.19      0.22      0.21        64
          10       0.31      0.30      0.30        61
          11       0.40      0.32      0.36        60
          12       0.71      0.58      0.64        62
          13       0.13      0.22      0.17        55
          14       0.12      0.19      0.15        63
          15       0.33      0.33      0.33        61
          16       0.32      0.36      0.34        58
          17       0.37      0.39      0.38        57
          18       0.18      0.12      0.14        59
          19       0.26      0.29      0.27        63
          20       0.09      0.15      0.11        59
          21       0.21      0.27      0.24        62
          22       0.26      0.40      0.32        57
          23       0.16      0.24      0.19        58
          24       0.27      0.42      0.32        60
          25       0.29      0.45      0.36        60
          26       0.34      0.38      0.36        60
          27       0.20      0.15      0.17        60
          28       0.21      0.23      0.22        60
          29       0.30      0.27      0.29        59
          30       0.16      0.16      0.16        55
          31       0.12      0.17      0.14        60
          32       0.14      0.18      0.16        61
          33       0.22      0.19      0.20        59
          34       0.23      0.25      0.24        65
          35       0.16      0.19      0.17        58
          36       0.24      0.21      0.22        63
          37       0.17      0.11      0.13        56
          38       0.19      0.17      0.18        60
          39       0.27      0.30      0.28        54
          40       0.21      0.21      0.21        63
          41       0.30      0.31      0.30        61
          42       0.16      0.15      0.16        59
          43       0.16      0.14      0.15        66
          44       0.17      0.27      0.21        62
          45       0.10      0.15      0.12        54
          46       0.15      0.22      0.18        64
          47       0.19      0.25      0.22        59
          48       0.24      0.37      0.29        59
          49       0.16      0.25      0.19        55
          50       0.18      0.17      0.18        63
          51       0.20      0.29      0.24        62
          52       0.19      0.32      0.24        62
          53       0.11      0.19      0.14        63
          54       0.10      0.16      0.13        61
          55       0.21      0.23      0.22        66
          56       0.11      0.08      0.10        61
          57       0.08      0.07      0.07        60
          58       0.12      0.07      0.09        58
          59       0.21      0.13      0.16        63
          60       0.18      0.17      0.17        64
          61       0.04      0.02      0.02        63
          62       0.15      0.13      0.14        61
          63       0.13      0.17      0.15        59
          64       0.11      0.13      0.12        62
          65       0.06      0.03      0.04        63
          66       0.24      0.09      0.13        58
          67       0.17      0.18      0.18        60
          68       0.17      0.13      0.15        60
          69       0.12      0.10      0.11        58
          70       0.21      0.13      0.16        60
          71       0.19      0.22      0.20        58
          72       0.16      0.11      0.13        56
          73       0.20      0.20      0.20        59
          74       0.22      0.26      0.24        65
          75       0.21      0.25      0.23        59
          76       0.20      0.16      0.18        63
          77       0.16      0.16      0.16        61
          78       0.15      0.14      0.14        59
          79       0.14      0.16      0.15        61
          80       0.18      0.20      0.19        61
          81       0.09      0.11      0.10        62
          82       0.24      0.16      0.19        64
          83       0.22      0.27      0.24        60
          84       0.19      0.13      0.16        61
          85       0.23      0.17      0.20        63
          86       0.19      0.12      0.15        65
          87       0.11      0.08      0.09        66
          88       0.18      0.16      0.17        64
          89       0.21      0.20      0.20        64
          90       0.16      0.12      0.13        60
          91       0.27      0.29      0.28        63
          92       0.22      0.39      0.28        61
          93       0.11      0.10      0.11        58
          94       0.20      0.18      0.19        57
          95       0.14      0.24      0.17        59
          96       0.13      0.24      0.17        58
          97       0.11      0.14      0.12        59
          98       0.09      0.13      0.11        61
          99       0.25      0.30      0.27        64
         100       0.14      0.14      0.14        59
         101       0.17      0.13      0.15        60
         102       0.20      0.14      0.16        59
         103       0.10      0.05      0.07        59
         104       0.03      0.02      0.02        53
         105       0.17      0.15      0.16        59
         106       0.17      0.09      0.12        65
         107       0.08      0.12      0.10        58
         108       0.10      0.16      0.12        61
         109       0.20      0.20      0.20        59
         110       0.16      0.19      0.17        62
         111       0.19      0.17      0.18        64
         112       0.21      0.21      0.21        57
         113       0.29      0.23      0.25        62
         114       0.13      0.05      0.07        60
         115       0.20      0.37      0.26        63
         116       0.17      0.27      0.21        62
         117       0.19      0.29      0.23        58
         118       0.19      0.32      0.23        60
         119       0.18      0.19      0.18        59
         120       0.26      0.29      0.27        63
         121       0.23      0.18      0.21        60
         122       0.24      0.27      0.25        63
         123       0.18      0.20      0.19        60
         124       0.11      0.10      0.11        58
         125       0.30      0.24      0.27        63
         126       0.13      0.16      0.14        56
         127       0.11      0.09      0.10        54
         128       0.11      0.14      0.12        58
         129       0.07      0.06      0.06        51
         130       0.17      0.21      0.19        61
         131       0.13      0.12      0.12        59
         132       0.17      0.14      0.16        56
         133       0.11      0.08      0.09        62
         134       0.18      0.21      0.20        66
         135       0.09      0.08      0.08        62
         136       0.15      0.19      0.17        63
         137       0.13      0.17      0.14        60
         138       0.11      0.21      0.15        56
         139       0.29      0.26      0.28        57
         140       0.12      0.08      0.09        66
         141       0.16      0.14      0.15        63
         142       0.21      0.20      0.20        61
         143       0.10      0.03      0.05        59
         144       0.14      0.10      0.12        58
         145       0.08      0.08      0.08        61
         146       0.15      0.12      0.14        64
         147       0.18      0.18      0.18        62
         148       0.16      0.18      0.17        62
         149       0.10      0.12      0.11        59
         150       0.28      0.15      0.20        60
         151       0.15      0.14      0.15        63
         152       0.18      0.10      0.13        60
         153       0.15      0.12      0.13        59
         154       0.16      0.15      0.15        61
         155       0.13      0.14      0.13        59
         156       0.16      0.10      0.12        62
         157       0.12      0.13      0.13        60
         158       0.13      0.12      0.12        60
         159       0.15      0.15      0.15        61
         160       0.18      0.14      0.16        63
         161       0.10      0.08      0.09        60
         162       0.14      0.10      0.12        60
         163       0.13      0.12      0.13        56
         164       0.06      0.05      0.05        65
         165       0.14      0.20      0.17        60
         166       0.22      0.28      0.24        60
         167       0.12      0.11      0.12        63
         168       0.23      0.17      0.19        65
         169       0.18      0.19      0.18        63
         170       0.22      0.11      0.15        63
         171       0.12      0.13      0.13        62
         172       0.09      0.08      0.08        65
         173       0.18      0.19      0.18        64
         174       0.23      0.19      0.21        63
         175       0.21      0.18      0.20        65
         176       0.20      0.11      0.14        62
         177       0.19      0.22      0.21        63
         178       0.11      0.03      0.05        60
         179       0.32      0.36      0.34        58
         180       0.21      0.17      0.19        64
         181       0.20      0.12      0.15        65
         182       0.21      0.17      0.19        59
         183       0.09      0.10      0.09        62
         184       0.19      0.28      0.23        60
         185       0.28      0.30      0.29        61
         186       0.12      0.08      0.10        60
         187       0.12      0.08      0.10        62
         188       0.12      0.09      0.11        66
         189       0.13      0.11      0.12        63
         190       0.20      0.15      0.17        60
         191       0.12      0.14      0.13        63
         192       0.10      0.09      0.09        67
         193       0.18      0.23      0.20        65
         194       0.17      0.17      0.17        63
         195       0.16      0.19      0.17        64
         196       0.16      0.25      0.19        57
         197       0.21      0.17      0.19        59
         198       0.38      0.19      0.25        63
         199       0.13      0.14      0.14        64
         200       0.11      0.10      0.10        62
         201       0.16      0.13      0.14        55
         202       0.00      0.00      0.00        64
         203       0.20      0.17      0.18        64
         204       0.12      0.16      0.14        67
         205       0.16      0.12      0.14        60
         206       0.14      0.06      0.09        64
         207       0.13      0.09      0.11        55
         208       0.18      0.17      0.17        60
         209       0.24      0.23      0.24        64
         210       0.05      0.03      0.04        61
         211       0.18      0.17      0.17        65
         212       0.12      0.11      0.11        66
         213       0.10      0.11      0.10        56
         214       0.17      0.07      0.10        58
         215       0.14      0.19      0.16        59
         216       0.14      0.05      0.07        61
         217       0.15      0.09      0.11        66
         218       0.17      0.14      0.16        63
         219       0.05      0.03      0.04        64
         220       0.09      0.08      0.08        63
         221       0.13      0.12      0.13        64
         222       0.25      0.34      0.29        58
         223       0.10      0.07      0.08        60
         224       0.14      0.08      0.10        63
         225       0.06      0.10      0.07        63
         226       0.21      0.27      0.23        64
         227       0.18      0.21      0.19        58
         228       0.17      0.11      0.13        64
         229       0.10      0.08      0.09        62
         230       0.11      0.10      0.10        63
         231       0.13      0.18      0.15        62
         232       0.13      0.15      0.14        61
         233       0.12      0.11      0.11        65
         234       0.19      0.15      0.17        65
         235       0.20      0.21      0.21        57
         236       0.18      0.24      0.21        59
         237       0.09      0.12      0.10        58
         238       0.09      0.19      0.13        62
         239       0.04      0.03      0.04        58
         240       0.16      0.19      0.17        63
         241       0.19      0.18      0.18        57
         242       0.23      0.23      0.23        61
         243       0.29      0.34      0.31        62
         244       0.16      0.14      0.15        63
         245       0.18      0.17      0.17        58
         246       0.18      0.27      0.22        52

    accuracy                           0.17     15020
   macro avg       0.17      0.17      0.17     15020
weighted avg       0.17      0.17      0.17     15020


======================================================================
BEST MODEL SUMMARY
======================================================================

Model: Random Forest
Test Accuracy: 0.7266
Test F1-Score: 0.7254
Training Time: 25.44 seconds
