======================================================================
MODULE 5: MODEL TRAINING & SELECTION REPORT
======================================================================

======================================================================
RANDOM FOREST
======================================================================

Training Time: 0.27 seconds

Training Metrics:
  Accuracy:  1.0000
  Precision: 1.0000
  Recall:    1.0000
  F1-Score:  1.0000

Testing Metrics:
  Accuracy:  0.0336
  Precision: 0.0210
  Recall:    0.0180
  F1-Score:  0.0190

Classification Report (Test Set):
              precision    recall  f1-score   support

           0       0.00      0.00      0.00         1
           1       0.00      0.00      0.00         0
           2       0.00      0.00      0.00         0
           3       0.00      0.00      0.00         1
           4       0.00      0.00      0.00         0
           5       0.00      0.00      0.00         0
           7       0.00      0.00      0.00         1
           8       0.00      0.00      0.00         0
          10       1.00      0.50      0.67         2
          11       0.00      0.00      0.00         1
          13       0.00      0.00      0.00         1
          14       0.00      0.00      0.00         1
          15       0.00      0.00      0.00         0
          16       0.00      0.00      0.00         1
          18       0.00      0.00      0.00         2
          19       0.00      0.00      0.00         0
          20       0.00      0.00      0.00         1
          21       0.00      0.00      0.00         2
          22       0.00      0.00      0.00         1
          23       0.00      0.00      0.00         2
          24       0.00      0.00      0.00         1
          25       0.00      0.00      0.00         2
          26       0.00      0.00      0.00         2
          27       0.00      0.00      0.00         0
          28       0.00      0.00      0.00         2
          29       0.00      0.00      0.00         0
          31       0.00      0.00      0.00         0
          33       0.00      0.00      0.00         1
          34       0.00      0.00      0.00         0
          36       0.00      0.00      0.00         1
          39       1.00      1.00      1.00         1
          40       0.00      0.00      0.00         1
          41       0.00      0.00      0.00         0
          42       0.00      0.00      0.00         0
          43       0.00      0.00      0.00         0
          44       0.00      0.00      0.00         1
          46       0.00      0.00      0.00         0
          49       0.00      0.00      0.00         1
          51       0.00      0.00      0.00         1
          52       0.00      0.00      0.00         1
          53       0.00      0.00      0.00         0
          54       0.00      0.00      0.00         1
          55       0.00      0.00      0.00         1
          56       0.00      0.00      0.00         0
          57       0.00      0.00      0.00         0
          58       0.00      0.00      0.00         0
          59       0.00      0.00      0.00         0
          60       0.00      0.00      0.00         1
          62       0.00      0.00      0.00         0
          63       0.00      0.00      0.00         0
          64       0.00      0.00      0.00         1
          65       0.00      0.00      0.00         1
          66       0.00      0.00      0.00         2
          67       0.00      0.00      0.00         0
          68       0.00      0.00      0.00         1
          69       0.00      0.00      0.00         1
          70       0.00      0.00      0.00         1
          73       0.00      0.00      0.00         1
          74       0.00      0.00      0.00         1
          75       0.00      0.00      0.00         1
          80       0.00      0.00      0.00         0
          82       0.00      0.00      0.00         1
          83       0.00      0.00      0.00         1
          84       0.00      0.00      0.00         1
          86       0.00      0.00      0.00         1
          87       0.00      0.00      0.00         0
          88       0.00      0.00      0.00         2
          89       0.00      0.00      0.00         0
          90       0.00      0.00      0.00         0
          91       0.00      0.00      0.00         1
          92       0.00      0.00      0.00         0
          95       0.00      0.00      0.00         1
          96       0.00      0.00      0.00         1
          97       0.00      0.00      0.00         1
         100       0.00      0.00      0.00         0
         101       0.00      0.00      0.00         0
         103       0.00      0.00      0.00         1
         104       0.00      0.00      0.00         0
         106       0.00      0.00      0.00         0
         107       1.00      1.00      1.00         1
         109       0.00      0.00      0.00         2
         110       0.00      0.00      0.00         0
         111       0.00      0.00      0.00         3
         112       0.00      0.00      0.00         1
         113       0.00      0.00      0.00         0
         114       0.00      0.00      0.00         0
         115       0.00      0.00      0.00         0
         116       0.00      0.00      0.00         1
         117       0.00      0.00      0.00         1
         118       0.00      0.00      0.00         1
         119       0.00      0.00      0.00         0
         120       0.00      0.00      0.00         2
         121       0.00      0.00      0.00         1
         122       0.00      0.00      0.00         1
         123       0.00      0.00      0.00         1
         124       0.00      0.00      0.00         0
         125       0.00      0.00      0.00         1
         126       0.00      0.00      0.00         1
         131       0.00      0.00      0.00         2
         132       0.00      0.00      0.00         1
         134       0.00      0.00      0.00         0
         135       0.00      0.00      0.00         1
         138       0.00      0.00      0.00         0
         139       0.00      0.00      0.00         1
         140       0.00      0.00      0.00         1
         142       0.00      0.00      0.00         0
         143       0.00      0.00      0.00         2
         146       0.00      0.00      0.00         0
         148       0.00      0.00      0.00         2
         149       0.00      0.00      0.00         0
         150       0.00      0.00      0.00         1
         151       0.00      0.00      0.00         1
         152       0.00      0.00      0.00         2
         153       0.00      0.00      0.00         0
         155       0.00      0.00      0.00         0
         160       0.00      0.00      0.00         0
         161       0.00      0.00      0.00         0
         162       0.00      0.00      0.00         1
         167       0.00      0.00      0.00         1
         168       0.00      0.00      0.00         0
         173       0.00      0.00      0.00         0
         174       0.00      0.00      0.00         1
         175       0.00      0.00      0.00         1
         176       0.00      0.00      0.00         0
         178       0.00      0.00      0.00         1
         182       0.00      0.00      0.00         0
         183       0.00      0.00      0.00         1
         184       0.00      0.00      0.00         0
         186       0.00      0.00      0.00         0
         189       0.00      0.00      0.00         0
         190       0.00      0.00      0.00         0
         191       0.00      0.00      0.00         1
         192       0.00      0.00      0.00         1
         193       0.50      0.50      0.50         2
         194       0.00      0.00      0.00         1
         195       0.00      0.00      0.00         1
         197       0.00      0.00      0.00         1
         198       0.00      0.00      0.00         1
         199       0.00      0.00      0.00         1
         200       0.00      0.00      0.00         1
         202       0.00      0.00      0.00         0
         203       0.00      0.00      0.00         1
         204       0.00      0.00      0.00         0
         205       0.00      0.00      0.00         1
         207       0.00      0.00      0.00         1
         208       0.00      0.00      0.00         0
         209       0.00      0.00      0.00         0
         210       0.00      0.00      0.00         0
         212       0.00      0.00      0.00         2
         219       0.00      0.00      0.00         1
         221       0.00      0.00      0.00         0
         222       0.00      0.00      0.00         0
         223       0.00      0.00      0.00         1
         224       0.00      0.00      0.00         0
         226       0.00      0.00      0.00         1
         229       0.00      0.00      0.00         0
         230       0.00      0.00      0.00         1
         231       0.00      0.00      0.00         1
         232       0.00      0.00      0.00         1
         233       0.00      0.00      0.00         0
         235       0.00      0.00      0.00         1
         237       0.00      0.00      0.00         0
         239       0.00      0.00      0.00         1
         240       0.00      0.00      0.00         0
         242       0.00      0.00      0.00         1
         245       0.00      0.00      0.00         1
         246       0.00      0.00      0.00         1

    accuracy                           0.03       119
   macro avg       0.02      0.02      0.02       119
weighted avg       0.04      0.03      0.04       119


======================================================================
SVM
======================================================================

Training Time: 0.06 seconds

Training Metrics:
  Accuracy:  0.1799
  Precision: 0.0866
  Recall:    0.1241
  F1-Score:  0.0803

Testing Metrics:
  Accuracy:  0.0000
  Precision: 0.0000
  Recall:    0.0000
  F1-Score:  0.0000

Classification Report (Test Set):
              precision    recall  f1-score   support

           0       0.00      0.00      0.00       1.0
           1       0.00      0.00      0.00       0.0
           3       0.00      0.00      0.00       1.0
           4       0.00      0.00      0.00       0.0
           5       0.00      0.00      0.00       0.0
           7       0.00      0.00      0.00       1.0
          10       0.00      0.00      0.00       2.0
          11       0.00      0.00      0.00       1.0
          13       0.00      0.00      0.00       1.0
          14       0.00      0.00      0.00       1.0
          16       0.00      0.00      0.00       1.0
          18       0.00      0.00      0.00       2.0
          20       0.00      0.00      0.00       1.0
          21       0.00      0.00      0.00       2.0
          22       0.00      0.00      0.00       1.0
          23       0.00      0.00      0.00       2.0
          24       0.00      0.00      0.00       1.0
          25       0.00      0.00      0.00       2.0
          26       0.00      0.00      0.00       2.0
          28       0.00      0.00      0.00       2.0
          33       0.00      0.00      0.00       1.0
          34       0.00      0.00      0.00       0.0
          36       0.00      0.00      0.00       1.0
          37       0.00      0.00      0.00       0.0
          38       0.00      0.00      0.00       0.0
          39       0.00      0.00      0.00       1.0
          40       0.00      0.00      0.00       1.0
          41       0.00      0.00      0.00       0.0
          44       0.00      0.00      0.00       1.0
          49       0.00      0.00      0.00       1.0
          51       0.00      0.00      0.00       1.0
          52       0.00      0.00      0.00       1.0
          54       0.00      0.00      0.00       1.0
          55       0.00      0.00      0.00       1.0
          56       0.00      0.00      0.00       0.0
          58       0.00      0.00      0.00       0.0
          59       0.00      0.00      0.00       0.0
          60       0.00      0.00      0.00       1.0
          62       0.00      0.00      0.00       0.0
          63       0.00      0.00      0.00       0.0
          64       0.00      0.00      0.00       1.0
          65       0.00      0.00      0.00       1.0
          66       0.00      0.00      0.00       2.0
          68       0.00      0.00      0.00       1.0
          69       0.00      0.00      0.00       1.0
          70       0.00      0.00      0.00       1.0
          73       0.00      0.00      0.00       1.0
          74       0.00      0.00      0.00       1.0
          75       0.00      0.00      0.00       1.0
          82       0.00      0.00      0.00       1.0
          83       0.00      0.00      0.00       1.0
          84       0.00      0.00      0.00       1.0
          86       0.00      0.00      0.00       1.0
          87       0.00      0.00      0.00       0.0
          88       0.00      0.00      0.00       2.0
          91       0.00      0.00      0.00       1.0
          92       0.00      0.00      0.00       0.0
          93       0.00      0.00      0.00       0.0
          95       0.00      0.00      0.00       1.0
          96       0.00      0.00      0.00       1.0
          97       0.00      0.00      0.00       1.0
         103       0.00      0.00      0.00       1.0
         105       0.00      0.00      0.00       0.0
         107       0.00      0.00      0.00       1.0
         109       0.00      0.00      0.00       2.0
         110       0.00      0.00      0.00       0.0
         111       0.00      0.00      0.00       3.0
         112       0.00      0.00      0.00       1.0
         113       0.00      0.00      0.00       0.0
         114       0.00      0.00      0.00       0.0
         116       0.00      0.00      0.00       1.0
         117       0.00      0.00      0.00       1.0
         118       0.00      0.00      0.00       1.0
         119       0.00      0.00      0.00       0.0
         120       0.00      0.00      0.00       2.0
         121       0.00      0.00      0.00       1.0
         122       0.00      0.00      0.00       1.0
         123       0.00      0.00      0.00       1.0
         125       0.00      0.00      0.00       1.0
         126       0.00      0.00      0.00       1.0
         131       0.00      0.00      0.00       2.0
         132       0.00      0.00      0.00       1.0
         135       0.00      0.00      0.00       1.0
         139       0.00      0.00      0.00       1.0
         140       0.00      0.00      0.00       1.0
         142       0.00      0.00      0.00       0.0
         143       0.00      0.00      0.00       2.0
         148       0.00      0.00      0.00       2.0
         149       0.00      0.00      0.00       0.0
         150       0.00      0.00      0.00       1.0
         151       0.00      0.00      0.00       1.0
         152       0.00      0.00      0.00       2.0
         162       0.00      0.00      0.00       1.0
         164       0.00      0.00      0.00       0.0
         167       0.00      0.00      0.00       1.0
         172       0.00      0.00      0.00       0.0
         174       0.00      0.00      0.00       1.0
         175       0.00      0.00      0.00       1.0
         176       0.00      0.00      0.00       0.0
         178       0.00      0.00      0.00       1.0
         181       0.00      0.00      0.00       0.0
         182       0.00      0.00      0.00       0.0
         183       0.00      0.00      0.00       1.0
         184       0.00      0.00      0.00       0.0
         185       0.00      0.00      0.00       0.0
         186       0.00      0.00      0.00       0.0
         190       0.00      0.00      0.00       0.0
         191       0.00      0.00      0.00       1.0
         192       0.00      0.00      0.00       1.0
         193       0.00      0.00      0.00       2.0
         194       0.00      0.00      0.00       1.0
         195       0.00      0.00      0.00       1.0
         196       0.00      0.00      0.00       0.0
         197       0.00      0.00      0.00       1.0
         198       0.00      0.00      0.00       1.0
         199       0.00      0.00      0.00       1.0
         200       0.00      0.00      0.00       1.0
         202       0.00      0.00      0.00       0.0
         203       0.00      0.00      0.00       1.0
         205       0.00      0.00      0.00       1.0
         207       0.00      0.00      0.00       1.0
         212       0.00      0.00      0.00       2.0
         215       0.00      0.00      0.00       0.0
         219       0.00      0.00      0.00       1.0
         223       0.00      0.00      0.00       1.0
         226       0.00      0.00      0.00       1.0
         230       0.00      0.00      0.00       1.0
         231       0.00      0.00      0.00       1.0
         232       0.00      0.00      0.00       1.0
         235       0.00      0.00      0.00       1.0
         239       0.00      0.00      0.00       1.0
         242       0.00      0.00      0.00       1.0
         245       0.00      0.00      0.00       1.0
         246       0.00      0.00      0.00       1.0

    accuracy                           0.00     119.0
   macro avg       0.00      0.00      0.00     119.0
weighted avg       0.00      0.00      0.00     119.0


======================================================================
GRADIENT BOOSTING
======================================================================

Training Time: 129.43 seconds

Training Metrics:
  Accuracy:  1.0000
  Precision: 1.0000
  Recall:    1.0000
  F1-Score:  1.0000

Testing Metrics:
  Accuracy:  0.0084
  Precision: 0.0064
  Recall:    0.0064
  F1-Score:  0.0064

Classification Report (Test Set):
              precision    recall  f1-score   support

           0       0.00      0.00      0.00         1
           1       0.00      0.00      0.00         0
           3       0.00      0.00      0.00         1
           4       0.00      0.00      0.00         0
           5       0.00      0.00      0.00         0
           7       0.00      0.00      0.00         1
           8       0.00      0.00      0.00         0
           9       0.00      0.00      0.00         0
          10       0.00      0.00      0.00         2
          11       0.00      0.00      0.00         1
          13       0.00      0.00      0.00         1
          14       0.00      0.00      0.00         1
          15       0.00      0.00      0.00         0
          16       0.00      0.00      0.00         1
          18       0.00      0.00      0.00         2
          19       0.00      0.00      0.00         0
          20       0.00      0.00      0.00         1
          21       0.00      0.00      0.00         2
          22       0.00      0.00      0.00         1
          23       0.00      0.00      0.00         2
          24       0.00      0.00      0.00         1
          25       0.00      0.00      0.00         2
          26       0.00      0.00      0.00         2
          28       0.00      0.00      0.00         2
          29       0.00      0.00      0.00         0
          32       0.00      0.00      0.00         0
          33       0.00      0.00      0.00         1
          35       0.00      0.00      0.00         0
          36       0.00      0.00      0.00         1
          39       0.00      0.00      0.00         1
          40       1.00      1.00      1.00         1
          41       0.00      0.00      0.00         0
          43       0.00      0.00      0.00         0
          44       0.00      0.00      0.00         1
          46       0.00      0.00      0.00         0
          47       0.00      0.00      0.00         0
          49       0.00      0.00      0.00         1
          50       0.00      0.00      0.00         0
          51       0.00      0.00      0.00         1
          52       0.00      0.00      0.00         1
          54       0.00      0.00      0.00         1
          55       0.00      0.00      0.00         1
          56       0.00      0.00      0.00         0
          57       0.00      0.00      0.00         0
          58       0.00      0.00      0.00         0
          59       0.00      0.00      0.00         0
          60       0.00      0.00      0.00         1
          64       0.00      0.00      0.00         1
          65       0.00      0.00      0.00         1
          66       0.00      0.00      0.00         2
          68       0.00      0.00      0.00         1
          69       0.00      0.00      0.00         1
          70       0.00      0.00      0.00         1
          72       0.00      0.00      0.00         0
          73       0.00      0.00      0.00         1
          74       0.00      0.00      0.00         1
          75       0.00      0.00      0.00         1
          79       0.00      0.00      0.00         0
          82       0.00      0.00      0.00         1
          83       0.00      0.00      0.00         1
          84       0.00      0.00      0.00         1
          85       0.00      0.00      0.00         0
          86       0.00      0.00      0.00         1
          87       0.00      0.00      0.00         0
          88       0.00      0.00      0.00         2
          89       0.00      0.00      0.00         0
          91       0.00      0.00      0.00         1
          92       0.00      0.00      0.00         0
          93       0.00      0.00      0.00         0
          95       0.00      0.00      0.00         1
          96       0.00      0.00      0.00         1
          97       0.00      0.00      0.00         1
          99       0.00      0.00      0.00         0
         103       0.00      0.00      0.00         1
         107       0.00      0.00      0.00         1
         109       0.00      0.00      0.00         2
         111       0.00      0.00      0.00         3
         112       0.00      0.00      0.00         1
         116       0.00      0.00      0.00         1
         117       0.00      0.00      0.00         1
         118       0.00      0.00      0.00         1
         119       0.00      0.00      0.00         0
         120       0.00      0.00      0.00         2
         121       0.00      0.00      0.00         1
         122       0.00      0.00      0.00         1
         123       0.00      0.00      0.00         1
         124       0.00      0.00      0.00         0
         125       0.00      0.00      0.00         1
         126       0.00      0.00      0.00         1
         128       0.00      0.00      0.00         0
         129       0.00      0.00      0.00         0
         131       0.00      0.00      0.00         2
         132       0.00      0.00      0.00         1
         133       0.00      0.00      0.00         0
         134       0.00      0.00      0.00         0
         135       0.00      0.00      0.00         1
         139       0.00      0.00      0.00         1
         140       0.00      0.00      0.00         1
         143       0.00      0.00      0.00         2
         144       0.00      0.00      0.00         0
         148       0.00      0.00      0.00         2
         149       0.00      0.00      0.00         0
         150       0.00      0.00      0.00         1
         151       0.00      0.00      0.00         1
         152       0.00      0.00      0.00         2
         155       0.00      0.00      0.00         0
         158       0.00      0.00      0.00         0
         160       0.00      0.00      0.00         0
         162       0.00      0.00      0.00         1
         164       0.00      0.00      0.00         0
         167       0.00      0.00      0.00         1
         169       0.00      0.00      0.00         0
         172       0.00      0.00      0.00         0
         174       0.00      0.00      0.00         1
         175       0.00      0.00      0.00         1
         178       0.00      0.00      0.00         1
         183       0.00      0.00      0.00         1
         186       0.00      0.00      0.00         0
         187       0.00      0.00      0.00         0
         188       0.00      0.00      0.00         0
         189       0.00      0.00      0.00         0
         191       0.00      0.00      0.00         1
         192       0.00      0.00      0.00         1
         193       0.00      0.00      0.00         2
         194       0.00      0.00      0.00         1
         195       0.00      0.00      0.00         1
         197       0.00      0.00      0.00         1
         198       0.00      0.00      0.00         1
         199       0.00      0.00      0.00         1
         200       0.00      0.00      0.00         1
         201       0.00      0.00      0.00         0
         202       0.00      0.00      0.00         0
         203       0.00      0.00      0.00         1
         205       0.00      0.00      0.00         1
         206       0.00      0.00      0.00         0
         207       0.00      0.00      0.00         1
         208       0.00      0.00      0.00         0
         209       0.00      0.00      0.00         0
         211       0.00      0.00      0.00         0
         212       0.00      0.00      0.00         2
         219       0.00      0.00      0.00         1
         220       0.00      0.00      0.00         0
         221       0.00      0.00      0.00         0
         223       0.00      0.00      0.00         1
         224       0.00      0.00      0.00         0
         226       0.00      0.00      0.00         1
         230       0.00      0.00      0.00         1
         231       0.00      0.00      0.00         1
         232       0.00      0.00      0.00         1
         233       0.00      0.00      0.00         0
         235       0.00      0.00      0.00         1
         238       0.00      0.00      0.00         0
         239       0.00      0.00      0.00         1
         240       0.00      0.00      0.00         0
         242       0.00      0.00      0.00         1
         245       0.00      0.00      0.00         1
         246       0.00      0.00      0.00         1

    accuracy                           0.01       119
   macro avg       0.01      0.01      0.01       119
weighted avg       0.01      0.01      0.01       119


======================================================================
BEST MODEL SUMMARY
======================================================================

Model: Random Forest
Test Accuracy: 0.0336
Test F1-Score: 0.0190
Training Time: 0.27 seconds
